7 61 118 143 172 204 256 292 354 385 415 477 513 570 590 649 678 743 790 852 887 919 962
52 80 148 191 237 287 347 377 403 472 538 604 644 667 692 755 779 844 866 927 984
20 50
990 403
405 111
778 309
558 30
486 245
545 627
723 893
520 41
371 554
366 901
992 21
934 975
604 58
389 683
798 746
434 418
106 639
718 451
162 950
817 462
603 308
523 192
399 221
892 458
843 644
670 270
149 469
45 590
722 991
845 11
487 770
470 392
758 490
64 9
625 292
976 497
296 575
54 711
32 547
425 413
839 762
25 783
233 968
671 29
822 811
264 47
955 401
24 979
209 429
255 172
905 820
455 345
284 869
723 187
314 656
398 325
454 242
752 734
856 14
916 779
125 30
260 395
699 196
572 468
377 132
929 968
535 618
762 376
32 790
786 38
