l
-1034.1971833641278
-755.9794489344449
-960.0601260267562
-660.7344811420348
-920.8788111654814
-773.4236866462549
-766.0653322767951
-545.9301606320636
-767.2092282605179
-632.2370696341784
-373.0057972838375
-563.0249278484458
-485.12912642144613
-241.35663424904158
-143.57430052237476
-175.0161066618441
-205.85227963319184
35.79814987618869
-233.70081880658003
108.9018167220452
-69.23705747457106
120.88710179381927
186.57526441876234
158.27139518906966
27.17541559562369
321.1918208163329
165.24585723885343
306.188496727865
331.49587864063125
343.8719301744975
347.63943522026767
457.42248784389983
501.0150514730674
797.3230722522163
773.3692562526958
610.001383909417
882.7759417088453
783.1248073292693
796.2200435672812
798.6805300634926
