p
3
-834.1971833641278
-482.85444893444486
-627.0601260267562
-280.35948114203484
-504.87881116548135
-332.79868664625485
-311.06533227679506
-86.05516063206356
-311.20922826051793
-188.1120696341784
51.99420271616248
-163.64992784844583
-117.12912642144616
90.26836575095841
147.42569947762524
71.85889333815588
-5.852279633191841
186.9231498761887
-132.70081880658003
159.2768167220452
-69.23705747457106
71.51210179381927
89.57526441876236
16.14639518906968
-156.8245844043763
99.31682081633286
-89.75414276114657
23.563496727865015
27.495878640631233
25.496930174497493
22.63943522026767
134.29748784389986
189.0150514730674
506.4480722522163
514.3692562526958
394.3763839094169
722.7759417088453
691.7498073292693
787.2200435672812
886.5555300634926
