e
-34.196630279757635
194.02135579856525
-60.058955147135386
189.26722247776092
-120.87633241330468
-23.42008008311884
-66.0600847583959
104.0774744621553
-167.1981192639797
-82.22090613959023
127.01772046201849
-112.99070973013414
-85.0793393530783
108.71580550799266
156.5310987021871
75.13724830500081
-5.6291494730434115
186.12280234354705
-133.228452253839
159.58910600083618
-68.23705747457106
72.34209320843748
88.69226443537504
11.35161203798771
-168.34289533403825
77.71263993666298
-125.26640692478804
-30.006929086067892
-48.4185844361811
-76.90378604426756
-109.83948277966954
-30.709702905732257
-8.967817226410801
278.2972254630349
263.93552471132574
137.2736684325509
486.2047352015804
520.110238270978
750.2788060934328
1091.3286971184884
